0.112454 -0.021542 0.000000 0.000000 0.000000 1.000000 
0.118847 -0.022902 0.000000 0.000000 0.000000 1.000000 
0.114475 -0.027757 0.000000 0.000000 0.000000 1.000000 
0.108083 -0.026397 0.000000 0.000000 0.000000 1.000000 
0.110103 -0.032612 0.000000 0.000000 0.000000 1.000000 
0.105732 -0.037467 0.000000 0.000000 0.000000 1.000000 
0.103712 -0.031252 0.000000 0.000000 0.000000 1.000000 
0.101691 -0.025038 0.000000 0.000000 0.000000 1.000000 
0.099673 -0.018825 0.000000 0.000000 0.000000 1.000000 
0.106063 -0.020182 0.000000 0.000000 0.000000 1.000000 
0.107729 -0.012354 0.000000 0.000000 0.000000 1.000000 
0.101336 -0.010995 0.000000 0.000000 0.000000 1.000000 
0.105708 -0.006140 0.000000 0.000000 0.000000 1.000000 
0.112100 -0.007499 0.000000 0.000000 0.000000 1.000000 
0.110080 -0.001284 0.000000 0.000000 0.000000 1.000000 
0.114451 0.003571 0.000000 0.000000 0.000000 1.000000 
0.116471 -0.002644 0.000000 0.000000 0.000000 1.000000 
0.118492 -0.008859 0.000000 0.000000 0.000000 1.000000 
0.120510 -0.015072 0.000000 0.000000 0.000000 1.000000 
0.114120 -0.013715 0.000000 0.000000 0.000000 1.000000 
0.102114 0.010283 0.000000 0.000000 0.000000 1.000000 
0.108506 0.008924 0.000000 0.000000 0.000000 1.000000 
0.104135 0.004069 0.000000 0.000000 0.000000 1.000000 
0.097742 0.005428 0.000000 0.000000 0.000000 1.000000 
0.099763 -0.000787 0.000000 0.000000 0.000000 1.000000 
0.095391 -0.005642 0.000000 0.000000 0.000000 1.000000 
0.093371 0.000573 0.000000 0.000000 0.000000 1.000000 
0.091350 0.006788 0.000000 0.000000 0.000000 1.000000 
0.089332 0.013001 0.000000 0.000000 0.000000 1.000000 
0.095722 0.011643 0.000000 0.000000 0.000000 1.000000 
0.097388 0.019470 0.000000 0.000000 0.000000 1.000000 
0.090995 0.020830 0.000000 0.000000 0.000000 1.000000 
0.095367 0.025685 0.000000 0.000000 0.000000 1.000000 
0.101759 0.024325 0.000000 0.000000 0.000000 1.000000 
0.099739 0.030541 0.000000 0.000000 0.000000 1.000000 
0.104110 0.035395 0.000000 0.000000 0.000000 1.000000 
0.106130 0.029180 0.000000 0.000000 0.000000 1.000000 
0.108151 0.022966 0.000000 0.000000 0.000000 1.000000 
0.110169 0.016753 0.000000 0.000000 0.000000 1.000000 
0.103779 0.018110 0.000000 0.000000 0.000000 1.000000 
0.091773 0.042109 0.000000 0.000000 0.000000 1.000000 
0.098165 0.040749 0.000000 0.000000 0.000000 1.000000 
0.093794 0.035894 0.000000 0.000000 0.000000 1.000000 
0.087402 0.037254 0.000000 0.000000 0.000000 1.000000 
0.089422 0.031039 0.000000 0.000000 0.000000 1.000000 
0.085050 0.026183 0.000000 0.000000 0.000000 1.000000 
0.083030 0.032399 0.000000 0.000000 0.000000 1.000000 
0.081009 0.038613 0.000000 0.000000 0.000000 1.000000 
0.078992 0.044826 0.000000 0.000000 0.000000 1.000000 
0.085382 0.043469 0.000000 0.000000 0.000000 1.000000 
0.064656 0.026428 0.000000 0.000000 0.000000 1.000000 
0.058264 0.027787 0.000000 0.000000 0.000000 1.000000 
0.062635 0.032642 0.000000 0.000000 0.000000 1.000000 
0.069027 0.031283 0.000000 0.000000 0.000000 1.000000 
0.067007 0.037498 0.000000 0.000000 0.000000 1.000000 
0.071379 0.042353 0.000000 0.000000 0.000000 1.000000 
0.073399 0.036138 0.000000 0.000000 0.000000 1.000000 
0.075420 0.029923 0.000000 0.000000 0.000000 1.000000 
0.077438 0.023710 0.000000 0.000000 0.000000 1.000000 
0.071047 0.025068 0.000000 0.000000 0.000000 1.000000 
0.069382 0.017241 0.000000 0.000000 0.000000 1.000000 
0.075774 0.015881 0.000000 0.000000 0.000000 1.000000 
0.071403 0.011026 0.000000 0.000000 0.000000 1.000000 
0.065010 0.012386 0.000000 0.000000 0.000000 1.000000 
0.067031 0.006170 0.000000 0.000000 0.000000 1.000000 
0.062659 0.001315 0.000000 0.000000 0.000000 1.000000 
0.060639 0.007531 0.000000 0.000000 0.000000 1.000000 
0.058618 0.013745 0.000000 0.000000 0.000000 1.000000 
0.056600 0.019958 0.000000 0.000000 0.000000 1.000000 
0.062990 0.018601 0.000000 0.000000 0.000000 1.000000 
0.074997 -0.005398 0.000000 0.000000 0.000000 1.000000 
0.068604 -0.004038 0.000000 0.000000 0.000000 1.000000 
0.072976 0.000817 0.000000 0.000000 0.000000 1.000000 
0.079368 -0.000543 0.000000 0.000000 0.000000 1.000000 
0.077348 0.005673 0.000000 0.000000 0.000000 1.000000 
0.081719 0.010528 0.000000 0.000000 0.000000 1.000000 
0.083739 0.004312 0.000000 0.000000 0.000000 1.000000 
0.085760 -0.001902 0.000000 0.000000 0.000000 1.000000 
0.087778 -0.008115 0.000000 0.000000 0.000000 1.000000 
0.081388 -0.006758 0.000000 0.000000 0.000000 1.000000 
0.079723 -0.014585 0.000000 0.000000 0.000000 1.000000 
0.086115 -0.015944 0.000000 0.000000 0.000000 1.000000 
0.081743 -0.020799 0.000000 0.000000 0.000000 1.000000 
0.075351 -0.019440 0.000000 0.000000 0.000000 1.000000 
0.077371 -0.025655 0.000000 0.000000 0.000000 1.000000 
0.073000 -0.030510 0.000000 0.000000 0.000000 1.000000 
0.070980 -0.024295 0.000000 0.000000 0.000000 1.000000 
0.068959 -0.018080 0.000000 0.000000 0.000000 1.000000 
0.066941 -0.011867 0.000000 0.000000 0.000000 1.000000 
0.073331 -0.013225 0.000000 0.000000 0.000000 1.000000 
0.085337 -0.037223 0.000000 0.000000 0.000000 1.000000 
0.078945 -0.035863 0.000000 0.000000 0.000000 1.000000 
0.083316 -0.031009 0.000000 0.000000 0.000000 1.000000 
0.089709 -0.032368 0.000000 0.000000 0.000000 1.000000 
0.087689 -0.026153 0.000000 0.000000 0.000000 1.000000 
0.092060 -0.021298 0.000000 0.000000 0.000000 1.000000 
0.094080 -0.027513 0.000000 0.000000 0.000000 1.000000 
0.096101 -0.033727 0.000000 0.000000 0.000000 1.000000 
0.098119 -0.039941 0.000000 0.000000 0.000000 1.000000 
0.091729 -0.038583 0.000000 0.000000 0.000000 1.000000 
0.052605 -0.030266 0.000000 0.000000 0.000000 1.000000 
0.046213 -0.028906 0.000000 0.000000 0.000000 1.000000 
0.050584 -0.024051 0.000000 0.000000 0.000000 1.000000 
0.056977 -0.025411 0.000000 0.000000 0.000000 1.000000 
0.054957 -0.019196 0.000000 0.000000 0.000000 1.000000 
0.059328 -0.014341 0.000000 0.000000 0.000000 1.000000 
0.061348 -0.020556 0.000000 0.000000 0.000000 1.000000 
0.063369 -0.026770 0.000000 0.000000 0.000000 1.000000 
0.065387 -0.032983 0.000000 0.000000 0.000000 1.000000 
0.058997 -0.031626 0.000000 0.000000 0.000000 1.000000 
0.046991 -0.007628 0.000000 0.000000 0.000000 1.000000 
0.053383 -0.008987 0.000000 0.000000 0.000000 1.000000 
0.049011 -0.013842 0.000000 0.000000 0.000000 1.000000 
0.042619 -0.012483 0.000000 0.000000 0.000000 1.000000 
0.044639 -0.018698 0.000000 0.000000 0.000000 1.000000 
0.040268 -0.023553 0.000000 0.000000 0.000000 1.000000 
0.038248 -0.017337 0.000000 0.000000 0.000000 1.000000 
0.036227 -0.011123 0.000000 0.000000 0.000000 1.000000 
0.034209 -0.004910 0.000000 0.000000 0.000000 1.000000 
0.040599 -0.006267 0.000000 0.000000 0.000000 1.000000 
0.042265 0.001560 0.000000 0.000000 0.000000 1.000000 
0.035872 0.002919 0.000000 0.000000 0.000000 1.000000 
0.040244 0.007774 0.000000 0.000000 0.000000 1.000000 
0.046636 0.006415 0.000000 0.000000 0.000000 1.000000 
0.044616 0.012630 0.000000 0.000000 0.000000 1.000000 
0.048987 0.017485 0.000000 0.000000 0.000000 1.000000 
0.051007 0.011270 0.000000 0.000000 0.000000 1.000000 
0.053028 0.005055 0.000000 0.000000 0.000000 1.000000 
0.055046 -0.001158 0.000000 0.000000 0.000000 1.000000 
0.048656 0.000200 0.000000 0.000000 0.000000 1.000000 
0.036650 0.024198 0.000000 0.000000 0.000000 1.000000 
0.043042 0.022838 0.000000 0.000000 0.000000 1.000000 
0.038671 0.017983 0.000000 0.000000 0.000000 1.000000 
0.032279 0.019343 0.000000 0.000000 0.000000 1.000000 
0.034299 0.013128 0.000000 0.000000 0.000000 1.000000 
0.029927 0.008273 0.000000 0.000000 0.000000 1.000000 
0.027907 0.014488 0.000000 0.000000 0.000000 1.000000 
0.025886 0.020702 0.000000 0.000000 0.000000 1.000000 
0.023868 0.026916 0.000000 0.000000 0.000000 1.000000 
0.030258 0.025558 0.000000 0.000000 0.000000 1.000000 
0.003918 0.031155 0.000000 0.000000 0.000000 1.000000 
0.010310 0.029796 0.000000 0.000000 0.000000 1.000000 
0.005939 0.024941 0.000000 0.000000 0.000000 1.000000 
-0.000453 0.026300 0.000000 0.000000 0.000000 1.000000 
0.001567 0.020085 0.000000 0.000000 0.000000 1.000000 
-0.002805 0.015230 0.000000 0.000000 0.000000 1.000000 
-0.004825 0.021445 0.000000 0.000000 0.000000 1.000000 
-0.006846 0.027660 0.000000 0.000000 0.000000 1.000000 
-0.008864 0.033873 0.000000 0.000000 0.000000 1.000000 
-0.002474 0.032515 0.000000 0.000000 0.000000 1.000000 
0.009533 0.008517 0.000000 0.000000 0.000000 1.000000 
0.003140 0.009877 0.000000 0.000000 0.000000 1.000000 
0.007512 0.014732 0.000000 0.000000 0.000000 1.000000 
0.013904 0.013372 0.000000 0.000000 0.000000 1.000000 
0.011884 0.019587 0.000000 0.000000 0.000000 1.000000 
0.016255 0.024442 0.000000 0.000000 0.000000 1.000000 
0.018276 0.018227 0.000000 0.000000 0.000000 1.000000 
0.020296 0.012013 0.000000 0.000000 0.000000 1.000000 
0.022314 0.005800 0.000000 0.000000 0.000000 1.000000 
0.015924 0.007157 0.000000 0.000000 0.000000 1.000000 
0.014259 -0.000670 0.000000 0.000000 0.000000 1.000000 
0.020651 -0.002030 0.000000 0.000000 0.000000 1.000000 
0.016279 -0.006885 0.000000 0.000000 0.000000 1.000000 
0.009887 -0.005525 0.000000 0.000000 0.000000 1.000000 
0.011907 -0.011740 0.000000 0.000000 0.000000 1.000000 
0.007536 -0.016595 0.000000 0.000000 0.000000 1.000000 
0.005516 -0.010380 0.000000 0.000000 0.000000 1.000000 
0.003495 -0.004166 0.000000 0.000000 0.000000 1.000000 
0.001477 0.002047 0.000000 0.000000 0.000000 1.000000 
0.007867 0.000690 0.000000 0.000000 0.000000 1.000000 
0.019873 -0.023308 0.000000 0.000000 0.000000 1.000000 
0.013481 -0.021949 0.000000 0.000000 0.000000 1.000000 
0.017853 -0.017094 0.000000 0.000000 0.000000 1.000000 
0.024245 -0.018453 0.000000 0.000000 0.000000 1.000000 
0.022225 -0.012238 0.000000 0.000000 0.000000 1.000000 
0.026596 -0.007383 0.000000 0.000000 0.000000 1.000000 
0.028616 -0.013598 0.000000 0.000000 0.000000 1.000000 
0.030637 -0.019813 0.000000 0.000000 0.000000 1.000000 
0.032655 -0.026026 0.000000 0.000000 0.000000 1.000000 
0.026265 -0.024668 0.000000 0.000000 0.000000 1.000000 
-0.012859 -0.016351 0.000000 0.000000 0.000000 1.000000 
-0.019251 -0.014991 0.000000 0.000000 0.000000 1.000000 
-0.014879 -0.010136 0.000000 0.000000 0.000000 1.000000 
-0.008487 -0.011496 0.000000 0.000000 0.000000 1.000000 
-0.010507 -0.005281 0.000000 0.000000 0.000000 1.000000 
-0.006136 -0.000426 0.000000 0.000000 0.000000 1.000000 
-0.004116 -0.006641 0.000000 0.000000 0.000000 1.000000 
-0.002095 -0.012855 0.000000 0.000000 0.000000 1.000000 
-0.000077 -0.019068 0.000000 0.000000 0.000000 1.000000 
-0.006467 -0.017711 0.000000 0.000000 0.000000 1.000000 
-0.018473 0.006287 0.000000 0.000000 0.000000 1.000000 
-0.012081 0.004928 0.000000 0.000000 0.000000 1.000000 
-0.016452 0.000073 0.000000 0.000000 0.000000 1.000000 
-0.022845 0.001432 0.000000 0.000000 0.000000 1.000000 
-0.020825 -0.004783 0.000000 0.000000 0.000000 1.000000 
-0.025196 -0.009638 0.000000 0.000000 0.000000 1.000000 
-0.027216 -0.003423 0.000000 0.000000 0.000000 1.000000 
-0.029237 0.002792 0.000000 0.000000 0.000000 1.000000 
-0.031255 0.009005 0.000000 0.000000 0.000000 1.000000 
-0.024865 0.007647 0.000000 0.000000 0.000000 1.000000 
-0.023199 0.015475 0.000000 0.000000 0.000000 1.000000 
-0.029592 0.016834 0.000000 0.000000 0.000000 1.000000 
-0.025220 0.021689 0.000000 0.000000 0.000000 1.000000 
-0.018828 0.020330 0.000000 0.000000 0.000000 1.000000 
-0.020848 0.026545 0.000000 0.000000 0.000000 1.000000 
-0.016477 0.031400 0.000000 0.000000 0.000000 1.000000 
-0.014457 0.025185 0.000000 0.000000 0.000000 1.000000 
-0.012436 0.018970 0.000000 0.000000 0.000000 1.000000 
-0.010418 0.012757 0.000000 0.000000 0.000000 1.000000 
-0.016808 0.014115 0.000000 0.000000 0.000000 1.000000 
-0.028814 0.038113 0.000000 0.000000 0.000000 1.000000 
-0.022422 0.036753 0.000000 0.000000 0.000000 1.000000 
-0.026793 0.031898 0.000000 0.000000 0.000000 1.000000 
-0.033185 0.033258 0.000000 0.000000 0.000000 1.000000 
-0.031165 0.027043 0.000000 0.000000 0.000000 1.000000 
-0.035537 0.022188 0.000000 0.000000 0.000000 1.000000 
-0.037557 0.028403 0.000000 0.000000 0.000000 1.000000 
-0.039578 0.034617 0.000000 0.000000 0.000000 1.000000 
-0.041596 0.040830 0.000000 0.000000 0.000000 1.000000 
-0.035206 0.039473 0.000000 0.000000 0.000000 1.000000 
-0.055931 0.022432 0.000000 0.000000 0.000000 1.000000 
-0.062324 0.023792 0.000000 0.000000 0.000000 1.000000 
-0.057952 0.028646 0.000000 0.000000 0.000000 1.000000 
-0.051560 0.027287 0.000000 0.000000 0.000000 1.000000 
-0.053580 0.033502 0.000000 0.000000 0.000000 1.000000 
-0.049209 0.038357 0.000000 0.000000 0.000000 1.000000 
-0.047188 0.032142 0.000000 0.000000 0.000000 1.000000 
-0.045167 0.025928 0.000000 0.000000 0.000000 1.000000 
-0.043150 0.019714 0.000000 0.000000 0.000000 1.000000 
-0.049540 0.021072 0.000000 0.000000 0.000000 1.000000 
-0.051205 0.013245 0.000000 0.000000 0.000000 1.000000 
-0.044813 0.011885 0.000000 0.000000 0.000000 1.000000 
-0.049184 0.007030 0.000000 0.000000 0.000000 1.000000 
-0.055577 0.008390 0.000000 0.000000 0.000000 1.000000 
-0.053557 0.002175 0.000000 0.000000 0.000000 1.000000 
-0.057928 -0.002680 0.000000 0.000000 0.000000 1.000000 
-0.059948 0.003535 0.000000 0.000000 0.000000 1.000000 
-0.061969 0.009749 0.000000 0.000000 0.000000 1.000000 
-0.063987 0.015962 0.000000 0.000000 0.000000 1.000000 
-0.057597 0.014605 0.000000 0.000000 0.000000 1.000000 
-0.045590 -0.009393 0.000000 0.000000 0.000000 1.000000 
-0.051983 -0.008034 0.000000 0.000000 0.000000 1.000000 
-0.047611 -0.003179 0.000000 0.000000 0.000000 1.000000 
-0.041219 -0.004538 0.000000 0.000000 0.000000 1.000000 
-0.043239 0.001677 0.000000 0.000000 0.000000 1.000000 
-0.038868 0.006532 0.000000 0.000000 0.000000 1.000000 
-0.036848 0.000317 0.000000 0.000000 0.000000 1.000000 
-0.034827 -0.005898 0.000000 0.000000 0.000000 1.000000 
-0.032809 -0.012111 0.000000 0.000000 0.000000 1.000000 
-0.039199 -0.010754 0.000000 0.000000 0.000000 1.000000 
